 16
BanPaw	0.0000	0.2700	0.2700	0.2857	0.4343	0.4286	0.3000	0.3131	0.3232	0.4343	0.2828	0.0400	0.0909	0.2755	0.0707	0.1667
ChaYeQing	0.2700	0.0000	0.2400	0.2245	0.3939	0.3980	0.2400	0.2424	0.2929	0.3939	0.2525	0.2800	0.3333	0.2347	0.2525	0.2188
ChuDongGua	0.2700	0.2400	0.0000	0.2653	0.3434	0.3265	0.2700	0.2828	0.1717	0.3535	0.3232	0.2800	0.3434	0.2449	0.2626	0.2396
GuangKa	0.2857	0.2245	0.2653	0.0000	0.4082	0.4124	0.0918	0.2857	0.2990	0.4388	0.1649	0.3061	0.3402	0.2990	0.2680	0.2660
HtanHsan	0.4343	0.3939	0.3434	0.4082	0.0000	0.1122	0.4242	0.3333	0.3571	0.1919	0.4184	0.4545	0.4592	0.3469	0.4082	0.3579
KhunHawt	0.4286	0.3980	0.3265	0.4124	0.1122	0.0000	0.4082	0.3367	0.3299	0.2041	0.4227	0.4490	0.4639	0.3299	0.4021	0.3617
MangBang	0.3000	0.2400	0.2700	0.0918	0.4242	0.4082	0.0000	0.3131	0.3333	0.4040	0.1212	0.3200	0.3535	0.3163	0.2828	0.2396
ManLoi	0.3131	0.2424	0.2828	0.2857	0.3333	0.3367	0.3131	0.0000	0.2959	0.3535	0.2959	0.3333	0.3776	0.1327	0.2959	0.2842
MengDan	0.3232	0.2929	0.1717	0.2990	0.3571	0.3299	0.3333	0.2959	0.0000	0.3980	0.3469	0.3434	0.3776	0.2887	0.3061	0.3053
NamHsan	0.4343	0.3939	0.3535	0.4388	0.1919	0.2041	0.4040	0.3535	0.3980	0.0000	0.4286	0.4545	0.4592	0.3367	0.4082	0.3579
NanSang	0.2828	0.2525	0.3232	0.1649	0.4184	0.4227	0.1212	0.2959	0.3469	0.4286	0.0000	0.3030	0.3265	0.3196	0.2857	0.2421
NoeLae	0.0400	0.2800	0.2800	0.3061	0.4545	0.4490	0.3200	0.3333	0.3434	0.4545	0.3030	0.0000	0.0707	0.2959	0.0909	0.1771
NyaungGone	0.0909	0.3333	0.3434	0.3402	0.4592	0.4639	0.3535	0.3776	0.3776	0.4592	0.3265	0.0707	0.0000	0.3402	0.1531	0.2211
PangKham	0.2755	0.2347	0.2449	0.2990	0.3469	0.3299	0.3163	0.1327	0.2887	0.3367	0.3196	0.2959	0.3402	0.0000	0.2577	0.2660
PongNuea	0.0707	0.2525	0.2626	0.2680	0.4082	0.4021	0.2828	0.2959	0.3061	0.4082	0.2857	0.0909	0.1531	0.2577	0.0000	0.1354
XiangZhaiTang	0.1667	0.2188	0.2396	0.2660	0.3579	0.3617	0.2396	0.2842	0.3053	0.3579	0.2421	0.1771	0.2211	0.2660	0.1354	0.0000
# # Created using the LexStat class of LingPy-2.6.6
