 16
BanPaw	0.0000	0.2800	0.3200	0.3367	0.4343	0.4388	0.3100	0.3333	0.3535	0.4848	0.3333	0.0800	0.1616	0.3265	0.1010	0.2500
ChaYeQing	0.2800	0.0000	0.2700	0.2449	0.3737	0.4184	0.2500	0.2525	0.2424	0.4545	0.2525	0.2900	0.3232	0.2551	0.2929	0.1979
ChuDongGua	0.3200	0.2700	0.0000	0.2551	0.3232	0.3469	0.2800	0.2626	0.2121	0.4141	0.3030	0.3200	0.3636	0.2653	0.3131	0.2917
GuangKa	0.3367	0.2449	0.2551	0.0000	0.3980	0.4021	0.1224	0.2755	0.3196	0.4592	0.1340	0.3265	0.3299	0.2577	0.2990	0.2872
HtanHsan	0.4343	0.3737	0.3232	0.3980	0.0000	0.1531	0.3939	0.3030	0.3367	0.2626	0.3776	0.4242	0.4490	0.3265	0.4388	0.3368
KhunHawt	0.4388	0.4184	0.3469	0.4021	0.1531	0.0000	0.3878	0.3367	0.3505	0.2653	0.4021	0.4490	0.4433	0.3505	0.4433	0.3936
MangBang	0.3100	0.2500	0.2800	0.1224	0.3939	0.3878	0.0000	0.2828	0.3434	0.4343	0.1212	0.3100	0.3232	0.2857	0.2929	0.2917
ManLoi	0.3333	0.2525	0.2626	0.2755	0.3030	0.3367	0.2828	0.0000	0.2755	0.3838	0.2857	0.3333	0.3571	0.1429	0.3367	0.2947
MengDan	0.3535	0.2424	0.2121	0.3196	0.3367	0.3505	0.3434	0.2755	0.0000	0.4184	0.3571	0.3333	0.3673	0.2784	0.3469	0.3053
NamHsan	0.4848	0.4545	0.4141	0.4592	0.2626	0.2653	0.4343	0.3838	0.4184	0.0000	0.4694	0.4848	0.4796	0.3673	0.4898	0.4211
NanSang	0.3333	0.2525	0.3030	0.1340	0.3776	0.4021	0.1212	0.2857	0.3571	0.4694	0.0000	0.3333	0.3367	0.2990	0.3061	0.2947
NoeLae	0.0800	0.2900	0.3200	0.3265	0.4242	0.4490	0.3100	0.3333	0.3333	0.4848	0.3333	0.0000	0.1111	0.3163	0.0606	0.2188
NyaungGone	0.1616	0.3232	0.3636	0.3299	0.4490	0.4433	0.3232	0.3571	0.3673	0.4796	0.3367	0.1111	0.0000	0.3196	0.1224	0.2526
PangKham	0.3265	0.2551	0.2653	0.2577	0.3265	0.3505	0.2857	0.1429	0.2784	0.3673	0.2990	0.3163	0.3196	0.0000	0.3093	0.3191
PongNuea	0.1010	0.2929	0.3131	0.2990	0.4388	0.4433	0.2929	0.3367	0.3469	0.4898	0.3061	0.0606	0.1224	0.3093	0.0000	0.2188
XiangZhaiTang	0.2500	0.1979	0.2917	0.2872	0.3368	0.3936	0.2917	0.2947	0.3053	0.4211	0.2947	0.2188	0.2526	0.3191	0.2188	0.0000
# # Created using the LexStat class of LingPy-2.6.6
