 16
BanPaw	0.0000	0.2700	0.3200	0.3265	0.4242	0.4286	0.3100	0.3333	0.3535	0.4646	0.3232	0.0600	0.1313	0.3367	0.1010	0.2604
ChaYeQing	0.2700	0.0000	0.2400	0.2347	0.3636	0.3878	0.2400	0.2525	0.2525	0.4242	0.2424	0.2900	0.3232	0.2653	0.2929	0.2292
ChuDongGua	0.3200	0.2400	0.0000	0.2551	0.3131	0.3367	0.2600	0.2525	0.2020	0.3939	0.2929	0.3100	0.3434	0.2653	0.3131	0.2812
GuangKa	0.3265	0.2347	0.2551	0.0000	0.3878	0.3918	0.1224	0.2653	0.3196	0.4490	0.1340	0.3367	0.3505	0.2784	0.3196	0.3085
HtanHsan	0.4242	0.3636	0.3131	0.3878	0.0000	0.1531	0.3838	0.2929	0.3265	0.2626	0.3673	0.4141	0.4184	0.3469	0.4286	0.3579
KhunHawt	0.4286	0.3878	0.3367	0.3918	0.1531	0.0000	0.3673	0.3163	0.3299	0.2551	0.3814	0.4388	0.4330	0.3299	0.4330	0.4149
MangBang	0.3100	0.2400	0.2600	0.1224	0.3838	0.3673	0.0000	0.2828	0.3333	0.4141	0.1212	0.3200	0.3333	0.2857	0.3030	0.2917
ManLoi	0.3333	0.2525	0.2525	0.2653	0.2929	0.3163	0.2828	0.0000	0.2653	0.3636	0.2755	0.3333	0.3469	0.1429	0.3367	0.3053
MengDan	0.3535	0.2525	0.2020	0.3196	0.3265	0.3299	0.3333	0.2653	0.0000	0.4082	0.3469	0.3333	0.3673	0.2784	0.3367	0.3368
NamHsan	0.4646	0.4242	0.3939	0.4490	0.2626	0.2551	0.4141	0.3636	0.4082	0.0000	0.4490	0.4646	0.4592	0.3367	0.4694	0.4211
NanSang	0.3232	0.2424	0.2929	0.1340	0.3673	0.3814	0.1212	0.2755	0.3469	0.4490	0.0000	0.3333	0.3469	0.3093	0.3163	0.3053
NoeLae	0.0600	0.2900	0.3100	0.3367	0.4141	0.4388	0.3200	0.3333	0.3333	0.4646	0.3333	0.0000	0.1010	0.3265	0.0808	0.2396
NyaungGone	0.1313	0.3232	0.3434	0.3505	0.4184	0.4330	0.3333	0.3469	0.3673	0.4592	0.3469	0.1010	0.0000	0.3299	0.1327	0.2737
PangKham	0.3367	0.2653	0.2653	0.2784	0.3469	0.3299	0.2857	0.1429	0.2784	0.3367	0.3093	0.3265	0.3299	0.0000	0.3299	0.3404
PongNuea	0.1010	0.2929	0.3131	0.3196	0.4286	0.4330	0.3030	0.3367	0.3367	0.4694	0.3163	0.0808	0.1327	0.3299	0.0000	0.2396
XiangZhaiTang	0.2604	0.2292	0.2812	0.3085	0.3579	0.4149	0.2917	0.3053	0.3368	0.4211	0.3053	0.2396	0.2737	0.3404	0.2396	0.0000
# # Created using the LexStat class of LingPy-2.6.6
