 16
BanPaw	0.0000	0.3700	0.3600	0.3673	0.4747	0.4694	0.3400	0.3636	0.4141	0.5051	0.3535	0.0700	0.1515	0.3571	0.1010	0.2604
ChaYeQing	0.3700	0.0000	0.3600	0.3163	0.4545	0.4898	0.3100	0.3232	0.3131	0.5152	0.3333	0.3700	0.4040	0.3265	0.3535	0.2708
ChuDongGua	0.3600	0.3600	0.0000	0.3061	0.3535	0.3673	0.3300	0.2828	0.2323	0.4141	0.3434	0.3600	0.4040	0.2857	0.3434	0.3333
GuangKa	0.3673	0.3163	0.3061	0.0000	0.4490	0.4536	0.1224	0.3265	0.3918	0.5000	0.1546	0.3776	0.3814	0.3402	0.3299	0.3191
HtanHsan	0.4747	0.4545	0.3535	0.4490	0.0000	0.1327	0.4444	0.3333	0.3980	0.2323	0.3980	0.4646	0.4796	0.3673	0.4694	0.3684
KhunHawt	0.4694	0.4898	0.3673	0.4536	0.1327	0.0000	0.4286	0.3673	0.4021	0.2551	0.4124	0.4796	0.4845	0.3711	0.4639	0.4255
MangBang	0.3400	0.3100	0.3300	0.1224	0.4444	0.4286	0.0000	0.3232	0.4040	0.4646	0.1515	0.3500	0.3636	0.3469	0.3131	0.3021
ManLoi	0.3636	0.3232	0.2828	0.3265	0.3333	0.3673	0.3232	0.0000	0.3163	0.4040	0.3469	0.3636	0.3878	0.1531	0.3571	0.3263
MengDan	0.4141	0.3131	0.2323	0.3918	0.3980	0.4021	0.4040	0.3163	0.0000	0.4490	0.4184	0.3939	0.4388	0.3196	0.3878	0.3789
NamHsan	0.5051	0.5152	0.4141	0.5000	0.2323	0.2551	0.4646	0.4040	0.4490	0.0000	0.4796	0.5051	0.5102	0.3980	0.5000	0.4526
NanSang	0.3535	0.3333	0.3434	0.1546	0.3980	0.4124	0.1515	0.3469	0.4184	0.4796	0.0000	0.3636	0.3673	0.3505	0.3163	0.3053
NoeLae	0.0700	0.3700	0.3600	0.3776	0.4646	0.4796	0.3500	0.3636	0.3939	0.5051	0.3636	0.0000	0.1111	0.3469	0.0808	0.2396
NyaungGone	0.1515	0.4040	0.4040	0.3814	0.4796	0.4845	0.3636	0.3878	0.4388	0.5102	0.3673	0.1111	0.0000	0.3505	0.1327	0.2632
PangKham	0.3571	0.3265	0.2857	0.3402	0.3673	0.3711	0.3469	0.1531	0.3196	0.3980	0.3505	0.3469	0.3505	0.0000	0.3299	0.3511
PongNuea	0.1010	0.3535	0.3434	0.3299	0.4694	0.4639	0.3131	0.3571	0.3878	0.5000	0.3163	0.0808	0.1327	0.3299	0.0000	0.2188
XiangZhaiTang	0.2604	0.2708	0.3333	0.3191	0.3684	0.4255	0.3021	0.3263	0.3789	0.4526	0.3053	0.2396	0.2632	0.3511	0.2188	0.0000
# # Created using the LexStat class of LingPy-2.6.6
